1.0000000000e-06, -7.9342739784e-17, 8.4185187529e-11
7.0009990000e-03, -7.1656394708e-13, 1.1472150759e-10
1.4000998000e-02, -1.6981554161e-12, 1.5098639244e-10
2.1000997000e-02, -2.8364922805e-12, 1.9312643447e-10
2.8000996000e-02, -4.0421699861e-12, 2.4011638608e-10
3.5000995000e-02, -5.2618405315e-12, 2.9065731434e-10
4.2000994000e-02, -6.4709894560e-12, 3.4362831950e-10
4.9000993000e-02, -7.6624290226e-12, 3.9820673143e-10
5.6000992000e-02, -8.8374165524e-12, 4.5384287382e-10
6.3000991000e-02, -1.0000329107e-11, 5.1019310741e-10
7.0000990000e-02, -1.1155995824e-11, 5.6705468943e-10
7.7000989000e-02, -1.2308617058e-11, 6.2431557888e-10
8.4000988000e-02, -1.3461492504e-11, 6.8191979710e-10
9.1000987000e-02, -1.4617096229e-11, 7.3984503772e-10
9.8000986000e-02, -1.5777260308e-11, 7.9808881480e-10
1.0500098500e-01, -1.6943360951e-11, 8.5666016065e-10
1.1200098400e-01, -1.8116469776e-11, 9.1557477012e-10
1.1900098300e-01, -1.9297464268e-11, 9.7485221688e-10
1.2600098200e-01, -2.0487103419e-11, 1.0345143859e-09
1.3300098100e-01, -2.1686077355e-11, 1.0945846065e-09
1.4000098000e-01, -2.2895038929e-11, 1.1550871832e-09
1.4700097900e-01, -2.4114623449e-11, 1.2160471493e-09
1.5400097800e-01, -2.5345460861e-11, 1.2774901453e-09
1.6100097700e-01, -2.6588183270e-11, 1.3394423652e-09
1.6800097600e-01, -2.7843429646e-11, 1.4019305411e-09
1.7500097500e-01, -2.9111848868e-11, 1.4649819484e-09
1.8200097400e-01, -3.0394101791e-11, 1.5286244229e-09
1.8900097300e-01, -3.1690862779e-11, 1.5928863848e-09
1.9600097200e-01, -3.3002820921e-11, 1.6577968666e-09
2.0300097100e-01, -3.4330681098e-11, 1.7233855441e-09
2.1000097000e-01, -3.5675164973e-11, 1.7896827689e-09
2.1700096900e-01, -3.7037011953e-11, 1.8567196034e-09
2.2400096800e-01, -3.8416980154e-11, 1.9245278568e-09
2.3100096700e-01, -3.9815847386e-11, 1.9931401227e-09
2.3800096600e-01, -4.1234412165e-11, 2.0625898187e-09
2.4500096500e-01, -4.2673494763e-11, 2.1329112270e-09
2.5200096400e-01, -4.4133938296e-11, 2.2041395372e-09
2.5900096300e-01, -4.5616609862e-11, 2.2763108910e-09
2.6600096200e-01, -4.7122401723e-11, 2.3494624279e-09
2.7300096100e-01, -4.8652232544e-11, 2.4236323344e-09
2.8000096000e-01, -5.0207048679e-11, 2.4988598937e-09
2.8700095900e-01, -5.1787825526e-11, 2.5751855392e-09
2.9400095800e-01, -5.3395568938e-11, 2.6526509091e-09
3.0100095700e-01, -5.5031316703e-11, 2.7312989045e-09
3.0800095600e-01, -5.6696140089e-11, 2.8111737496e-09
3.1500095500e-01, -5.8391145476e-11, 2.8923210550e-09
3.2200095400e-01, -6.0117476051e-11, 2.9747878838e-09
3.2900095300e-01, -6.1876313598e-11, 3.0586228216e-09
3.3600095200e-01, -6.3668880375e-11, 3.1438760489e-09
3.4300095100e-01, -6.5496441083e-11, 3.2305994177e-09
3.5000095000e-01, -6.7360304939e-11, 3.3188465318e-09
3.5700094900e-01, -6.9261827847e-11, 3.4086728316e-09
3.6400094800e-01, -7.1202414698e-11, 3.5001356821e-09
3.7100094700e-01, -7.3183521774e-11, 3.5932944667e-09
3.7800094600e-01, -7.5206659287e-11, 3.6882106854e-09
3.8500094500e-01, -7.7273394059e-11, 3.7849480576e-09
3.9200094400e-01, -7.9385352337e-11, 3.8835726316e-09
3.9900094300e-01, -8.1544222767e-11, 3.9841528988e-09
4.0600094200e-01, -8.3751759533e-11, 4.0867599149e-09
4.1300094100e-01, -8.6009785670e-11, 4.1914674272e-09
4.2000094000e-01, -8.8320196557e-11, 4.2983520096e-09
4.2700093900e-01, -9.0684963621e-11, 4.4074932042e-09
4.3400093800e-01, -9.3106138240e-11, 4.5189736719e-09
4.4100093700e-01, -9.5585855876e-11, 4.6328793510e-09
4.4800093600e-01, -9.8126340453e-11, 4.7492996247e-09
4.5500093500e-01, -1.0072990899e-10, 4.8683274989e-09
4.6200093400e-01, -1.0339897650e-10, 4.9900597903e-09
4.6900093300e-01, -1.0613606119e-10, 5.1145973251e-09
4.7600093200e-01, -1.0894379001e-10, 5.2420451501e-09
4.8300093100e-01, -1.1182490443e-10, 5.3725127562e-09
4.9000093000e-01, -1.1478226673e-10, 5.5061143156e-09
4.9700092900e-01, -1.1781886656e-10, 5.6429689338e-09
5.0400092800e-01, -1.2093782794e-10, 5.7832009164e-09
5.1100092700e-01, -1.2414241674e-10, 5.9269400535e-09
5.1800092600e-01, -1.2743604858e-10, 6.0743219216e-09
5.2500092500e-01, -1.3082229731e-10, 6.2254882045e-09
5.3200092400e-01, -1.3430490395e-10, 6.3805870351e-09
5.3900092300e-01, -1.3788778633e-10, 6.5397733597e-09
5.4600092200e-01, -1.4157504924e-10, 6.7032093252e-09
5.5300092100e-01, -1.4537099536e-10, 6.8710646929e-09
5.6000092000e-01, -1.4928013691e-10, 7.0435172797e-09
5.6700091900e-01, -1.5330720804e-10, 7.2207534282e-09
5.7400091800e-01, -1.5745717815e-10, 7.4029685101e-09
5.8100091700e-01, -1.6173526604e-10, 7.5903674633e-09
5.8800091600e-01, -1.6614695520e-10, 7.7831653669e-09
5.9500091500e-01, -1.7069800999e-10, 7.9815880557e-09
6.0200091400e-01, -1.7539449319e-10, 8.1858727794e-09
6.0900091300e-01, -1.8024278462e-10, 8.3962689080e-09
6.1600091200e-01, -1.8524960129e-10, 8.6130386888e-09
6.2300091100e-01, -1.9042201889e-10, 8.8364580586e-09
6.3000091000e-01, -1.9576749505e-10, 9.0668175156e-09
6.3700090900e-01, -2.0129389418e-10, 9.3044230569e-09
6.4400090800e-01, -2.0700951430e-10, 9.5495971867e-09
6.5100090700e-01, -2.1292311596e-10, 9.8026800005e-09
6.5800090600e-01, -2.1904395335e-10, 1.0064030354e-08
6.6500090500e-01, -2.2538180786e-10, 1.0334027124e-08
6.7200090400e-01, -2.3194702436e-10, 1.0613070565e-08
6.7900090300e-01, -2.3875055037e-10, 1.0901583777e-08
6.8600090200e-01, -2.4580397842e-10, 1.1200014295e-08
6.9300090100e-01, -2.5311959189e-10, 1.1508835798e-08
7.0000090000e-01, -2.6071041470e-10, 1.1828549971e-08
7.0700089900e-01, -2.6859026512e-10, 1.2159688512e-08
7.1400089800e-01, -2.7677381429e-10, 1.2502815319e-08
7.2100089700e-01, -2.8527664962e-10, 1.2858528854e-08
7.2800089600e-01, -2.9411534391e-10, 1.3227464718e-08
7.3500089500e-01, -3.0330753040e-10, 1.3610298453e-08
7.4200089400e-01, -3.1287198474e-10, 1.4007748583e-08
7.4900089300e-01, -3.2282871417e-10, 1.4420579945e-08
7.5600089200e-01, -3.3319905509e-10, 1.4849607302e-08
7.6300089100e-01, -3.4400577955e-10, 1.5295699314e-08
7.7000089000e-01, -3.5527321189e-10, 1.5759782856e-08
7.7700088900e-01, -3.6702735643e-10, 1.6242847763e-08
7.8400088800e-01, -3.7929603755e-10, 1.6745952024e-08
7.9100088700e-01, -3.9210905354e-10, 1.7270227477e-08
7.9800088600e-01, -4.0549834571e-10, 1.7816886075e-08
8.0500088500e-01, -4.1949818456e-10, 1.8387226775e-08
8.1200088400e-01, -4.3414537504e-10, 1.8982643127e-08
8.1900088300e-01, -4.4947948302e-10, 1.9604631641e-08
8.2600088200e-01, -4.6554308573e-10, 2.0254801040e-08
8.3300088100e-01, -4.8238204883e-10, 2.0934882482e-08
8.4000088000e-01, -5.0004583371e-10, 2.1646740891e-08
8.4700087900e-01, -5.1858783846e-10, 2.2392387529e-08
8.5400087800e-01, -5.3806577713e-10, 2.3173993959e-08
8.6100087700e-01, -5.5854210208e-10, 2.3993907595e-08
8.6800087600e-01, -5.8008447505e-10, 2.4854669024e-08
8.7500087500e-01, -6.0276629363e-10, 2.5759031362e-08
8.8200087400e-01, -6.2666728053e-10, 2.6709981897e-08
8.8900087300e-01, -6.5187414437e-10, 2.7710766347e-08
8.9600087200e-01, -6.7848132219e-10, 2.8764916099e-08
9.0300087100e-01, -7.0659181513e-10, 2.9876278847e-08
9.1000087000e-01, -7.3631813117e-10, 3.1049053131e-08
9.1700086900e-01, -7.6778335063e-10, 3.2287827344e-08
9.2400086800e-01, -8.0112233307e-10, 3.3597623897e-08
9.3100086700e-01, -8.3648308738e-10, 3.4983949314e-08
9.3800086600e-01, -8.7402833082e-10, 3.6452851199e-08
9.4500086500e-01, -9.1393726705e-10, 3.8010983173e-08
9.5200086400e-01, -9.5640761934e-10, 3.9665679061e-08
9.5900086300e-01, -1.0016579611e-09, 4.1425037901e-08
9.6600086200e-01, -1.0499303950e-09, 4.3298021572e-08
9.7300086100e-01, -1.1014936403e-09, 4.5294567266e-08
9.8000086000e-01, -1.1566466029e-09, 4.7425717411e-08
9.8700085900e-01, -1.2157225136e-09, 4.9703770216e-08
9.9400085800e-01, -1.2790937421e-09, 5.2142454676e-08
1.0010008570e+00, -1.3471774148e-09, 5.4757134649e-08
1.0080008560e+00, -1.4204419933e-09, 5.7565047697e-08
1.0150008550e+00, -1.4994150051e-09, 6.0585585585e-08
1.0220008540e+00, -1.5846921643e-09, 6.3840624970e-08
1.0290008530e+00, -1.6769481725e-09, 6.7354918792e-08
1.0360008520e+00, -1.7769495644e-09, 7.1156561448e-08
1.0430008510e+00, -1.8855700511e-09, 7.5277544052e-08
1.0500008500e+00, -2.0038089306e-09, 7.9754420290e-08
1.0570008490e+00, -2.1328132870e-09, 8.4629108764e-08
1.0640008480e+00, -2.2739048925e-09, 8.9949864710e-08
1.0710008470e+00, -2.4286129864e-09, 9.5772463245e-08
1.0780008460e+00, -2.5987144420e-09, 1.0216164836e-07
1.0850008450e+00, -2.7862832842e-09, 1.0919291813e-07
1.0920008440e+00, -2.9937521275e-09, 1.1695473827e-07
1.0990008430e+00, -3.2239889249e-09, 1.2555130555e-07
1.1060008420e+00, -3.4803935424e-09, 1.3510602291e-07
1.1130008410e+00, -3.7670202257e-09, 1.4576590345e-07
1.1200008400e+00, -4.0887341973e-09, 1.5770719824e-07
1.1270008390e+00, -4.4514136867e-09, 1.7114265240e-07
1.1340008380e+00, -4.8622130883e-09, 1.8633095059e-07
1.1410008370e+00, -5.3299093029e-09, 2.0358914051e-07
1.1480008360e+00, -5.8653626925e-09, 2.2330915719e-07
1.1550008350e+00, -6.4821380781e-09, 2.4598007070e-07
1.1620008340e+00, -7.1973525059e-09, 2.7221843888e-07
1.1690008330e+00, -8.0328494864e-09, 3.0281032263e-07
1.1760008320e+00, -9.0168515424e-09, 3.3877037865e-07
1.1830008310e+00, -1.0186327154e-08, 3.8142644512e-07
1.1900008300e+00, -1.1590447752e-08, 4.3254300476e-07
1.1970008290e+00, -1.3295748001e-08, 4.9450536411e-07
1.2040008280e+00, -1.5394019573e-08, 5.7060122074e-07
1.2110008270e+00, -1.8014726040e-08, 6.6546322055e-07
1.2180008260e+00, -2.1345156828e-08, 7.8578694503e-07
1.2250008250e+00, -2.5664362553e-08, 9.4153910836e-07
1.2320008240e+00, -3.1402785868e-08, 1.1480792675e-06
1.2390008230e+00, -3.9252469930e-08, 1.4300786734e-06
1.2460008220e+00, -5.0383500161e-08, 1.8292118055e-06
1.2530008210e+00, -6.6902014717e-08, 2.4204221377e-06
1.2600008200e+00, -9.2915039710e-08, 3.3497147626e-06
1.2670008190e+00, -1.3732991101e-07, 4.9334487940e-06
1.2740008180e+00, -2.2256519633e-07, 7.9671042275e-06
1.2810008170e+00, -4.1932538886e-07, 1.4957084948e-05
1.2880008160e+00, -1.0579344245e-06, 3.7601418625e-05
1.2950008150e+00, -6.1401807162e-06, 2.1746469055e-04
1.3020008140e+00, -3.8224310857e-05, 1.3484197738e-03
1.3090008130e+00, -1.9094102199e-06, 6.7126228192e-05
1.3160008120e+00, -6.0819723280e-07, 2.1304196302e-05
1.3230008110e+00, -2.9617865614e-07, 1.0336876638e-05
1.3300008100e+00, -1.7516383232e-07, 6.0909711724e-06
1.3370008090e+00, -1.1586296422e-07, 4.0140803161e-06
1.3440008080e+00, -8.2432575036e-08, 2.8453310903e-06
1.3510008070e+00, -6.1733399168e-08, 2.1229514107e-06
1.3580008060e+00, -4.8024604299e-08, 1.6453681657e-06
1.3650008050e+00, -3.8473067792e-08, 1.3131947127e-06
1.3720008040e+00, -3.1549160394e-08, 1.0728197399e-06
1.3790008030e+00, -2.6367811610e-08, 8.9325066106e-07
1.3860008020e+00, -2.2387908920e-08, 7.5555624065e-07
1.3930008010e+00, -1.9263436409e-08, 6.4764163239e-07
1.4000008000e+00, -1.6764717529e-08, 5.6148571392e-07
1.4070007990e+00, -1.4734413522e-08, 4.9159851972e-07
1.4140007980e+00, -1.3061789035e-08, 4.3411961068e-07
1.4210007970e+00, -1.1667063105e-08, 3.8627012301e-07
1.4280007960e+00, -1.0491567584e-08, 3.4600837088e-07
1.4350007950e+00, -9.4913736800e-09, 3.1180694525e-07
1.4420007940e+00, -8.6330565811e-09, 2.8250467696e-07
1.4490007930e+00, -7.8908157735e-09, 2.5720604395e-07
1.4560007920e+00, -7.2444766673e-09, 2.3521140580e-07
1.4630007910e+00, -6.6780781079e-09, 2.1596772106e-07
1.4700007900e+00, -6.1788572862e-09, 1.9903315112e-07
1.4770007890e+00, -5.7365091573e-09, 1.8405125127e-07
1.4840007880e+00, -5.3426386490e-09, 1.7073189160e-07
1.4910007870e+00, -4.9903503318e-09, 1.5883697396e-07
1.4980007860e+00, -4.6739374736e-09, 1.4816961470e-07
1.5050007850e+00, -4.3886438744e-09, 1.3856586410e-07
1.5120007840e+00, -4.1304796305e-09, 1.2988830463e-07
1.5190007830e+00, -3.8960773010e-09, 1.2202105594e-07
1.5260007820e+00, -3.6825786523e-09, 1.1486584403e-07
1.5330007810e+00, -3.4875447641e-09, 1.0833888316e-07
1.5400007800e+00, -3.3088841451e-09, 1.0236838371e-07
1.5470007790e+00, -3.1447948440e-09, 9.6892546606e-08
1.5540007780e+00, -2.9937175259e-09, 9.1857938418e-08
1.5610007770e+00, -2.8542971996e-09, 8.7218166876e-08
1.5680007760e+00, -2.7253518185e-09, 8.2932794863e-08
1.5750007750e+00, -2.6058463784e-09, 7.8966445041e-08
1.5820007740e+00, -2.4948714383e-09, 7.5288057801e-08
1.5890007730e+00, -2.3916252204e-09, 7.1870273223e-08
1.5960007720e+00, -2.2953986236e-09, 6.8688913906e-08
1.6030007710e+00, -2.2055626192e-09, 6.5722550290e-08
1.6100007700e+00, -2.1215576063e-09, 6.2952133734e-08
1.6170007690e+00, -2.0428843852e-09, 6.0360685566e-08
1.6240007680e+00, -1.9690964731e-09, 5.7933032528e-08
1.6310007670e+00, -1.8997935397e-09, 5.5655580882e-08
1.6380007660e+00, -1.8346157784e-09, 5.3516122840e-08
1.6450007650e+00, -1.7732390642e-09, 5.1503670139e-08
1.6520007640e+00, -1.7153707749e-09, 4.9608310493e-08
1.6590007630e+00, -1.6607461735e-09, 4.7821083397e-08
1.6660007620e+00, -1.6091252675e-09, 4.6133872351e-08
1.6730007610e+00, -1.5602900737e-09, 4.4539311077e-08
1.6800007600e+00, -1.5140422307e-09, 4.3030701680e-08
1.6870007590e+00, -1.4702009087e-09, 4.1601943045e-08
1.6940007580e+00, -1.4286009750e-09, 4.0247468045e-08
1.7010007570e+00, -1.3890913806e-09, 3.8962188324e-08
1.7080007560e+00, -1.3515337368e-09, 3.7741445632e-08
1.7150007550e+00, -1.3158010583e-09, 3.6580968855e-08
1.7220007540e+00, -1.2817766490e-09, 3.5476835959e-08
1.7290007530e+00, -1.2493531135e-09, 3.4425440248e-08
1.7360007520e+00, -1.2184314778e-09, 3.3423460359e-08
1.7430007510e+00, -1.1889204063e-09, 3.2467833550e-08
1.7500007500e+00, -1.1607355017e-09, 3.1555731856e-08
1.7570007490e+00, -1.1337986800e-09, 3.0684540777e-08
1.7640007480e+00, -1.1080376093e-09, 2.9851840194e-08
1.7710007470e+00, -1.0833852070e-09, 2.9055387246e-08
1.7780007460e+00, -1.0597791874e-09, 2.8293100943e-08
1.7850007450e+00, -1.0371616541e-09, 2.7563048321e-08
1.7920007440e+00, -1.0154787325e-09, 2.6863431955e-08
1.7990007430e+00, -9.9468023808e-10, 2.6192578692e-08
1.8060007420e+00, -9.7471937605e-10, 2.5548929458e-08
1.8130007410e+00, -9.5555246912e-10, 2.4931030032e-08
1.8200007400e+00, -9.3713871077e-10, 2.4337522675e-08
1.8270007390e+00, -9.1943994101e-10, 2.3767138540e-08
1.8340007380e+00, -9.0242044239e-10, 2.3218690758e-08
1.8410007370e+00, -8.8604675417e-10, 2.2691068152e-08
1.8480007360e+00, -8.7028750288e-10, 2.2183229506e-08
1.8550007350e+00, -8.5511324762e-10, 2.1694198334e-08
1.8620007340e+00, -8.4049633856e-10, 2.1223058098e-08
1.8690007330e+00, -8.2641078751e-10, 2.0768947840e-08
1.8760007320e+00, -8.1283214932e-10, 2.0331058175e-08
1.8830007310e+00, -7.9973741301e-10, 1.9908627620e-08
1.8900007300e+00, -7.8710490192e-10, 1.9500939227e-08
1.8970007290e+00, -7.7491418180e-10, 1.9107317485e-08
1.9040007280e+00, -7.6314597634e-10, 1.8727125475e-08
1.9110007270e+00, -7.5178208934e-10, 1.8359762250e-08
1.9180007260e+00, -7.4080533287e-10, 1.8004660418e-08
1.9250007250e+00, -7.3019946111e-10, 1.7661283913e-08
1.9320007240e+00, -7.1994910916e-10, 1.7329125943e-08
1.9390007230e+00, -7.1003973642e-10, 1.7007707084e-08
1.9460007220e+00, -7.0045757433e-10, 1.6696573528e-08
1.9530007210e+00, -6.9118957783e-10, 1.6395295449e-08
1.9600007200e+00, -6.8222338048e-10, 1.6103465502e-08
1.9670007190e+00, -6.7354725274e-10, 1.5820697421e-08
1.9740007180e+00, -6.6515006327e-10, 1.5546624721e-08
1.9810007170e+00, -6.5702124298e-10, 1.5280899496e-08
1.9880007160e+00, -6.4915075162e-10, 1.5023191299e-08
1.9950007150e+00, -6.4152904660e-10, 1.4773186096e-08
2.0020007140e+00, -6.3414705404e-10, 1.4530585302e-08
2.0090007130e+00, -6.2699614178e-10, 1.4295104871e-08
2.0160007120e+00, -6.2006809418e-10, 1.4066474461e-08
2.0230007110e+00, -6.1335508858e-10, 1.3844436642e-08
2.0300007100e+00, -6.0684967341e-10, 1.3628746167e-08
2.0370007090e+00, -6.0054474763e-10, 1.3419169284e-08
2.0440007080e+00, -5.9443354154e-10, 1.3215483098e-08
2.0510007070e+00, -5.8850959888e-10, 1.3017474968e-08
2.0580007060e+00, -5.8276675999e-10, 1.2824941950e-08
2.0650007050e+00, -5.7719914605e-10, 1.2637690271e-08
2.0720007040e+00, -5.7180114435e-10, 1.2455534835e-08
2.0790007030e+00, -5.6656739446e-10, 1.2278298762e-08
2.0860007020e+00, -5.6149277520e-10, 1.2105812959e-08
2.0930007010e+00, -5.5657239247e-10, 1.1937915706e-08
2.1000007000e+00, -5.5180156778e-10, 1.1774452282e-08
2.1070006990e+00, -5.4717582749e-10, 1.1615274598e-08
2.1140006980e+00, -5.4269089266e-10, 1.1460240868e-08
2.1210006970e+00, -5.3834266955e-10, 1.1309215285e-08
2.1280006960e+00, -5.3412724060e-10, 1.1162067725e-08
2.1350006950e+00, -5.3004085603e-10, 1.1018673465e-08
2.1420006940e+00, -5.2607992585e-10, 1.0878912916e-08
2.1490006930e+00, -5.2224101236e-10, 1.0742671376e-08
2.1560006920e+00, -5.1852082306e-10, 1.0609838792e-08
2.1630006910e+00, -5.1491620398e-10, 1.0480309537e-08
2.1700006900e+00, -5.1142413338e-10, 1.0353982200e-08
2.1770006890e+00, -5.0804171580e-10, 1.0230759390e-08
2.1840006880e+00, -5.0476617641e-10, 1.0110547543e-08
2.1910006870e+00, -5.0159485572e-10, 9.9932567500e-09
2.1980006860e+00, -4.9852520456e-10, 9.8788005859e-09
2.2050006850e+00, -4.9555477933e-10, 9.7670959514e-09
2.2120006840e+00, -4.9268123747e-10, 9.6580629228e-09
2.2190006830e+00, -4.8990233325e-10, 9.5516246094e-09
2.2260006820e+00, -4.8721591375e-10, 9.4477070189e-09
2.2330006810e+00, -4.8461991502e-10, 9.3462389290e-09
2.2400006800e+00, -4.8211235848e-10, 9.2471517663e-09
2.2470006790e+00, -4.7969134751e-10, 9.1503794912e-09
2.2540006780e+00, -4.7735506422e-10, 9.0558584890e-09
2.2610006770e+00, -4.7510176637e-10, 8.9635274657e-09
2.2680006760e+00, -4.7292978446e-10, 8.8733273500e-09
2.2750006750e+00, -4.7083751899e-10, 8.7852011995e-09
2.2820006740e+00, -4.6882343782e-10, 8.6990941119e-09
2.2890006730e+00, -4.6688607372e-10, 8.6149531405e-09
2.2960006720e+00, -4.6502402199e-10, 8.5327272138e-09
2.3030006710e+00, -4.6323593827e-10, 8.4523670592e-09
2.3100006700e+00, -4.6152053641e-10, 8.3738251298e-09
2.3170006690e+00, -4.5987658642e-10, 8.2970555357e-09
2.3240006680e+00, -4.5830291268e-10, 8.2220139774e-09
2.3310006670e+00, -4.5679839201e-10, 8.1486576838e-09
2.3380006660e+00, -4.5536195206e-10, 8.0769453513e-09
2.3450006650e+00, -4.5399256964e-10, 8.0068370876e-09
2.3520006640e+00, -4.5268926922e-10, 7.9382943568e-09
2.3590006630e+00, -4.5145112142e-10, 7.8712799278e-09
2.3660006620e+00, -4.5027724170e-10, 7.8057578245e-09
2.3730006610e+00, -4.4916678902e-10, 7.7416932787e-09
2.3800006600e+00, -4.4811896461e-10, 7.6790526852e-09
2.3870006590e+00, -4.4713301081e-10, 7.6178035586e-09
2.3940006580e+00, -4.4620820996e-10, 7.5579144920e-09
2.4010006570e+00, -4.4534388337e-10, 7.4993551182e-09
2.4080006560e+00, -4.4453939034e-10, 7.4420960717e-09
2.4150006550e+00, -4.4379412718e-10, 7.3861089533e-09
2.4220006540e+00, -4.4310752644e-10, 7.3313662956e-09
2.4290006530e+00, -4.4247905600e-10, 7.2778415304e-09
2.4360006520e+00, -4.4190821831e-10, 7.2255089571e-09
2.4430006510e+00, -4.4139454973e-10, 7.1743437131e-09
2.4500006500e+00, -4.4093761978e-10, 7.1243217451e-09
2.4570006490e+00, -4.4053703055e-10, 7.0754197816e-09
2.4640006480e+00, -4.4019241608e-10, 7.0276153066e-09
2.4710006470e+00, -4.3990344185e-10, 6.9808865347e-09
2.4780006460e+00, -4.3966980425e-10, 6.9352123873e-09
2.4850006450e+00, -4.3949123011e-10, 6.8905724689e-09
2.4920006440e+00, -4.3936747628e-10, 6.8469470459e-09
2.4990006430e+00, -4.3929832923e-10, 6.8043170251e-09
2.5060006420e+00, -4.3928360470e-10, 6.7626639337e-09
2.5130006410e+00, -4.3932314737e-10, 6.7219698999e-09
2.5200006400e+00, -4.3941683058e-10, 6.6822176344e-09
2.5270006390e+00, -4.3956455608e-10, 6.6433904128e-09
2.5340006380e+00, -4.3976625379e-10, 6.6054720588e-09
2.5410006370e+00, -4.4002188164e-10, 6.5684469275e-09
2.5480006360e+00, -4.4033142539e-10, 6.5322998903e-09
2.5550006350e+00, -4.4069489852e-10, 6.4970163199e-09
2.5620006340e+00, -4.4111234213e-10, 6.4625820760e-09
2.5690006330e+00, -4.4158382488e-10, 6.4289834917e-09
2.5760006320e+00, -4.4210944295e-10, 6.3962073603e-09
2.5830006310e+00, -4.4268932005e-10, 6.3642409232e-09
2.5900006300e+00, -4.4332360743e-10, 6.3330718576e-09
2.5970006290e+00, -4.4401248398e-10, 6.3026882652e-09
2.6040006280e+00, -4.4475615626e-10, 6.2730786613e-09
2.6110006270e+00, -4.4555485865e-10, 6.2442319641e-09
2.6180006260e+00, -4.4640885350e-10, 6.2161374853e-09
2.6250006250e+00, -4.4731843131e-10, 6.1887849197e-09
2.6320006240e+00, -4.4828391092e-10, 6.1621643371e-09
2.6390006230e+00, -4.4930563976e-10, 6.1362661728e-09
2.6460006220e+00, -4.5038399414e-10, 6.1110812195e-09
2.6530006210e+00, -4.5151937949e-10, 6.0866006198e-09
2.6600006200e+00, -4.5271223079e-10, 6.0628158581e-09
2.6670006190e+00, -4.5396301283e-10, 6.0397187540e-09
2.6740006180e+00, -4.5527222071e-10, 6.0173014551e-09
2.6810006170e+00, -4.5664038017e-10, 5.9955564307e-09
2.6880006160e+00, -4.5806804815e-10, 5.9744764655e-09
2.6950006150e+00, -4.5955581321e-10, 5.9540546543e-09
2.7020006140e+00, -4.6110429613e-10, 5.9342843957e-09
2.7090006130e+00, -4.6271415042e-10, 5.9151593879e-09
2.7160006120e+00, -4.6438606301e-10, 5.8966736229e-09
2.7230006110e+00, -4.6612075479e-10, 5.8788213825e-09
2.7300006100e+00, -4.6791898141e-10, 5.8615972340e-09
2.7370006090e+00, -4.6978153391e-10, 5.8449960257e-09
2.7440006080e+00, -4.7170923955e-10, 5.8290128837e-09
2.7510006070e+00, -4.7370296261e-10, 5.8136432082e-09
2.7580006060e+00, -4.7576360522e-10, 5.7988826703e-09
2.7650006050e+00, -4.7789210828e-10, 5.7847272091e-09
2.7720006040e+00, -4.8008945242e-10, 5.7711730289e-09
2.7790006030e+00, -4.8235665896e-10, 5.7582165969e-09
2.7860006020e+00, -4.8469479100e-10, 5.7458546411e-09
2.7930006010e+00, -4.8710495452e-10, 5.7340841481e-09
2.8000006000e+00, -4.8958829948e-10, 5.7229023617e-09
2.8070005990e+00, -4.9214602111e-10, 5.7123067812e-09
2.8140005980e+00, -4.9477936111e-10, 5.7022951605e-09
2.8210005970e+00, -4.9748960905e-10, 5.6928655070e-09
2.8280005960e+00, -5.0027810371e-10, 5.6840160806e-09
2.8350005950e+00, -5.0314623457e-10, 5.6757453941e-09
2.8420005940e+00, -5.0609544334e-10, 5.6680522119e-09
2.8490005930e+00, -5.0912722557e-10, 5.6609355508e-09
2.8560005920e+00, -5.1224313232e-10, 5.6543946801e-09
2.8630005910e+00, -5.1544477191e-10, 5.6484291219e-09
2.8700005900e+00, -5.1873381179e-10, 5.6430386521e-09
2.8770005890e+00, -5.2211198044e-10, 5.6382233012e-09
2.8840005880e+00, -5.2558106940e-10, 5.6339833561e-09
2.8910005870e+00, -5.2914293536e-10, 5.6303193609e-09
2.8980005860e+00, -5.3279950241e-10, 5.6272321192e-09
2.9050005850e+00, -5.3655276432e-10, 5.6247226962e-09
2.9120005840e+00, -5.4040478693e-10, 5.6227924207e-09
2.9190005830e+00, -5.4435771077e-10, 5.6214428880e-09
2.9260005820e+00, -5.4841375362e-10, 5.6206759628e-09
2.9330005810e+00, -5.5257521332e-10, 5.6204937822e-09
2.9400005800e+00, -5.5684447068e-10, 5.6208987593e-09
2.9470005790e+00, -5.6122399254e-10, 5.6218935872e-09
2.9540005780e+00, -5.6571633488e-10, 5.6234812428e-09
2.9610005770e+00, -5.7032414624e-10, 5.6256649915e-09
2.9680005760e+00, -5.7505017117e-10, 5.6284483916e-09
2.9750005750e+00, -5.7989725388e-10, 5.6318353000e-09
2.9820005740e+00, -5.8486834210e-10, 5.6358298771e-09
2.9890005730e+00, -5.8996649109e-10, 5.6404365930e-09
2.9960005720e+00, -5.9519486785e-10, 5.6456602335e-09
3.0030005710e+00, -6.0055675554e-10, 5.6515059069e-09
3.0100005700e+00, -6.0605555809e-10, 5.6579790509e-09
3.0170005690e+00, -6.1169480509e-10, 5.6650854401e-09
3.0240005680e+00, -6.1747815686e-10, 5.6728311937e-09
3.0310005670e+00, -6.2340940982e-10, 5.6812227842e-09
3.0380005660e+00, -6.2949250208e-10, 5.6902670458e-09
3.0450005650e+00, -6.3573151935e-10, 5.6999711841e-09
3.0520005640e+00, -6.4213070110e-10, 5.7103427856e-09
3.0590005630e+00, -6.4869444711e-10, 5.7213898283e-09
3.0660005620e+00, -6.5542732425e-10, 5.7331206924e-09
3.0730005610e+00, -6.6233407369e-10, 5.7455441723e-09
3.0800005600e+00, -6.6941961843e-10, 5.7586694881e-09
3.0870005590e+00, -6.7668907124e-10, 5.7725062987e-09
3.0940005580e+00, -6.8414774302e-10, 5.7870647154e-09
3.1010005570e+00, -6.9180115158e-10, 5.8023553159e-09
3.1080005560e+00, -6.9965503087e-10, 5.8183891592e-09
3.1150005550e+00, -7.0771534074e-10, 5.8351778011e-09
3.1220005540e+00, -7.1598827718e-10, 5.8527333114e-09
3.1290005530e+00, -7.2448028314e-10, 5.8710682903e-09
3.1360005520e+00, -7.3319805992e-10, 5.8901958875e-09
3.1430005510e+00, -7.4214857915e-10, 5.9101298211e-09
3.1500005500e+00, -7.5133909548e-10, 5.9308843975e-09
3.1570005490e+00, -7.6077715995e-10, 5.9524745332e-09
3.1640005480e+00, -7.7047063406e-10, 5.9749157772e-09
3.1710005470e+00, -7.8042770472e-10, 5.9982243339e-09
3.1780005460e+00, -7.9065689991e-10, 6.0224170887e-09
3.1850005450e+00, -8.0116710535e-10, 6.0475116335e-09
3.1920005440e+00, -8.1196758208e-10, 6.0735262945e-09
3.1990005430e+00, -8.2306798499e-10, 6.1004801611e-09
3.2060005420e+00, -8.3447838253e-10, 6.1283931162e-09
3.2130005410e+00, -8.4620927749e-10, 6.1572858684e-09
3.2200005400e+00, -8.5827162902e-10, 6.1871799859e-09
3.2270005390e+00, -8.7067687599e-10, 6.2180979318e-09
3.2340005380e+00, -8.8343696172e-10, 6.2500631022e-09
3.2410005370e+00, -8.9656436015e-10, 6.2830998651e-09
3.2480005360e+00, -9.1007210370e-10, 6.3172336030e-09
3.2550005350e+00, -9.2397381274e-10, 6.3524907562e-09
3.2620005340e+00, -9.3828372693e-10, 6.3888988696e-09
3.2690005330e+00, -9.5301673847e-10, 6.4264866421e-09
3.2760005320e+00, -9.6818842746e-10, 6.4652839779e-09
3.2830005310e+00, -9.8381509950e-10, 6.5053220417e-09
3.2900005300e+00, -9.9991382563e-10, 6.5466333164e-09
3.2970005290e+00, -1.0165024849e-09, 6.5892516642e-09
3.3040005280e+00, -1.0335998096e-09, 6.6332123918e-09
3.3110005270e+00, -1.0512254335e-09, 6.6785523181e-09
3.3180005260e+00, -1.0693999436e-09, 6.7253098476e-09
3.3250005250e+00, -1.0881449343e-09, 6.7735250464e-09
3.3320005240e+00, -1.1074830664e-09, 6.8232397238e-09
3.3390005230e+00, -1.1274381297e-09, 6.8744975188e-09
3.3460005220e+00, -1.1480351090e-09, 6.9273439911e-09
3.3530005210e+00, -1.1693002562e-09, 6.9818267179e-09
3.3600005200e+00, -1.1912611661e-09, 7.0379953975e-09
3.3670005190e+00, -1.2139468579e-09, 7.0959019579e-09
3.3740005180e+00, -1.2373878629e-09, 7.1556006731e-09
3.3810005170e+00, -1.2616163177e-09, 7.2171482867e-09
3.3880005160e+00, -1.2866660648e-09, 7.2806041427e-09
3.3950005150e+00, -1.3125727598e-09, 7.3460303257e-09
3.4020005140e+00, -1.3393739873e-09, 7.4134918091e-09
3.4090005130e+00, -1.3671093847e-09, 7.4830566135e-09
3.4160005120e+00, -1.3958207754e-09, 7.5547959758e-09
3.4230005110e+00, -1.4255523121e-09, 7.6287845291e-09
3.4300005100e+00, -1.4563506314e-09, 7.7051004945e-09
3.4370005090e+00, -1.4882650194e-09, 7.7838258867e-09
3.4440005080e+00, -1.5213475914e-09, 7.8650467327e-09
3.4510005070e+00, -1.5556534843e-09, 7.9488533065e-09
3.4580005060e+00, -1.5912410654e-09, 8.0353403792e-09
3.4650005050e+00, -1.6281721575e-09, 8.1246074881e-09
3.4720005040e+00, -1.6665122823e-09, 8.2167592232e-09
3.4790005030e+00, -1.7063309234e-09, 8.3119055363e-09
3.4860005020e+00, -1.7477018116e-09, 8.4101620706e-09
3.4930005010e+00, -1.7907032336e-09, 8.5116505161e-09
3.5000005000e+00, -1.8354183669e-09, 8.6164989905e-09
3.5070004990e+00, -1.8819356439e-09, 8.7248424492e-09
3.5140004980e+00, -1.9303491461e-09, 8.8368231260e-09
3.5210004970e+00, -1.9807590342e-09, 8.9525910078e-09
3.5280004960e+00, -2.0332720153e-09, 9.0723043465e-09
3.5350004950e+00, -2.0880018522e-09, 9.1961302104e-09
3.5420004940e+00, -2.1450699185e-09, 9.3242450800e-09
3.5490004930e+00, -2.2046058049e-09, 9.4568354916e-09
3.5560004920e+00, -2.2667479808e-09, 9.5940987324e-09
3.5630004910e+00, -2.3316445192e-09, 9.7362435943e-09
3.5700004900e+00, -2.3994538887e-09, 9.8834911889e-09
3.5770004890e+00, -2.4703458225e-09, 1.0036075832e-08
3.5840004880e+00, -2.5445022721e-09, 1.0194246005e-08
3.5910004870e+00, -2.6221184536e-09, 1.0358265395e-08
3.5980004860e+00, -2.7034039994e-09, 1.0528414029e-08
3.6050004850e+00, -2.7885842253e-09, 1.0704989513e-08
3.6120004840e+00, -2.8779015278e-09, 1.0888308372e-08
3.6190004830e+00, -2.9716169254e-09, 1.1078707519e-08
3.6260004820e+00, -3.0700117621e-09, 1.1276545861e-08
3.6330004810e+00, -3.1733895919e-09, 1.1482206047e-08
3.6400004800e+00, -3.2820782668e-09, 1.1696096391e-08
3.6470004790e+00, -3.3964322520e-09, 1.1918652973e-08
3.6540004780e+00, -3.5168351992e-09, 1.2150341947e-08
3.6610004770e+00, -3.6437028081e-09, 1.2391662077e-08
3.6680004760e+00, -3.7774860144e-09, 1.2643147527e-08
3.6750004750e+00, -3.9186745472e-09, 1.2905370934e-08
3.6820004740e+00, -4.0678009031e-09, 1.3178946798e-08
3.6890004730e+00, -4.2254447953e-09, 1.3464535229e-08
3.6960004720e+00, -4.3922381397e-09, 1.3762846092e-08
3.7030004710e+00, -4.5688706545e-09, 1.4074643596e-08
3.7100004700e+00, -4.7560961583e-09, 1.4400751391e-08
3.7170004690e+00, -4.9547396665e-09, 1.4742058233e-08
3.7240004680e+00, -5.1657054020e-09, 1.5099524287e-08
3.7310004670e+00, -5.3899858550e-09, 1.5474188159e-08
3.7380004660e+00, -5.6286720483e-09, 1.5867174751e-08
3.7450004650e+00, -5.8829651919e-09, 1.6279704052e-08
3.7520004640e+00, -6.1541899425e-09, 1.6713100992e-08
3.7590004630e+00, -6.4438095196e-09, 1.7168806514e-08
3.7660004620e+00, -6.7534429761e-09, 1.7648390032e-08
3.7730004610e+00, -7.0848849750e-09, 1.8153563482e-08
3.7800004600e+00, -7.4401284863e-09, 1.8686197208e-08
3.7870004590e+00, -7.8213908997e-09, 1.9248337942e-08
3.7940004580e+00, -8.2311441391e-09, 1.9842229227e-08
3.8010004570e+00, -8.6721494804e-09, 2.0470334643e-08
3.8080004560e+00, -9.1474979126e-09, 2.1135364303e-08
3.8150004550e+00, -9.6606570509e-09, 2.1840305144e-08
3.8220004540e+00, -1.0215525817e-08, 2.2588455644e-08
3.8290004530e+00, -1.0816498356e-08, 2.3383465732e-08
3.8360004520e+00, -1.1468538969e-08, 2.4229382770e-08
3.8430004510e+00, -1.2177270233e-08, 2.5130704708e-08
3.8500004500e+00, -1.2949076950e-08, 2.6092441685e-08
3.8570004490e+00, -1.3791229165e-08, 2.7120187660e-08
3.8640004480e+00, -1.4712028236e-08, 2.8220203950e-08
3.8710004470e+00, -1.5720980869e-08, 2.9399516979e-08
3.8780004460e+00, -1.6829007185e-08, 3.0666033033e-08
3.8850004450e+00, -1.8048690350e-08, 3.2028673448e-08
3.8920004440e+00, -1.9394577150e-08, 3.3497534420e-08
3.8990004430e+00, -2.0883541191e-08, 3.5084076613e-08
3.9060004420e+00, -2.2535223328e-08, 3.6801350921e-08
3.9130004410e+00, -2.4372567608e-08, 3.8664268270e-08
3.9200004400e+00, -2.6422475561e-08, 4.0689923220e-08
3.9270004390e+00, -2.8716607454e-08, 4.2897983453e-08
3.9340004380e+00, -3.1292366082e-08, 4.5311160159e-08
3.9410004370e+00, -3.4194107267e-08, 4.7955777855e-08
3.9480004360e+00, -3.7474631247e-08, 5.0862466504e-08
3.9550004350e+00, -4.1197020577e-08, 5.4067003902e-08
3.9620004340e+00, -4.5436902165e-08, 5.7611342135e-08
3.9690004330e+00, -5.0285222064e-08, 6.1544858288e-08
3.9760004320e+00, -5.5851628136e-08, 6.5925875755e-08
3.9830004310e+00, -6.2268551578e-08, 7.0823507263e-08
3.9900004300e+00, -6.9696052339e-08, 7.6319871572e-08
3.9970004290e+00, -7.8327427158e-08, 8.2512728493e-08
4.0040004280e+00, -8.8395441961e-08, 8.9518554227e-08
4.0110004270e+00, -1.0017879557e-07, 9.7476029671e-08
4.0180004260e+00, -1.1400797860e-07, 1.0654982087e-07
4.0250004250e+00, -1.3026896123e-07, 1.1693436805e-07
4.0320004240e+00, -1.4940199760e-07, 1.2885713392e-07
4.0390004230e+00, -1.7189112930e-07, 1.4258035227e-07
4.0460004220e+00, -1.9823758859e-07, 1.5839972470e-07
4.0530004210e+00, -2.2890725930e-07, 1.7663771748e-07
4.0600004200e+00, -2.6423899839e-07, 1.9762815576e-07
4.0670004190e+00, -3.0429799075e-07, 2.2168787391e-07
4.0740004180e+00, -3.4865864998e-07, 2.4907067521e-07
4.0810004170e+00, -3.9610894944e-07, 2.7989955444e-07
4.0880004160e+00, -4.4428866280e-07, 3.1407623301e-07
4.0950004150e+00, -4.8931521493e-07, 3.5117395886e-07
4.1020004140e+00, -5.2551736934e-07, 3.9033109821e-07
4.1090004130e+00, -5.4548143459e-07, 4.3017792763e-07
4.1160004120e+00, -5.4068217027e-07, 4.6884118683e-07
4.1230004110e+00, -5.0294410243e-07, 5.0406832161e-07
4.1300004100e+00, -4.2675021027e-07, 5.3348226041e-07
4.1370004090e+00, -3.1192300429e-07, 5.5491784081e-07
4.1440004080e+00, -1.6559497817e-07, 5.6673523525e-07
4.1510004070e+00, -2.1296192057e-09, 5.6801120422e-07
4.1580004060e+00, 1.5970153488e-07, 5.5859326589e-07
4.1650004050e+00, 3.0149219638e-07, 5.3908383444e-07
4.1720004040e+00, 4.0984083976e-07, 5.1080083120e-07
4.1790004030e+00, 4.7884660395e-07, 4.7567521925e-07
4.1860004020e+00, 5.0983313835e-07, 4.3602896698e-07
4.1930004010e+00, 5.0913647566e-07, 3.9425743384e-07
4.2000004000e+00, 4.8534476435e-07, 3.5251520690e-07
4.2070003990e+00, 4.4703952441e-07, 3.1250008481e-07
4.2140003980e+00, 4.0144741296e-07, 2.7537068825e-07
4.2210003970e+00, 3.5392853188e-07, 2.4177656558e-07
4.2280003960e+00, 3.0802378422e-07, 2.1195429611e-07
4.2350003950e+00, 2.6577999890e-07, 1.8584525264e-07
4.2420003940e+00, 2.2815241461e-07, 1.6320537698e-07
4.2490003930e+00, 1.9537350503e-07, 1.4369279094e-07
4.2560003920e+00, 1.6724350322e-07, 1.2693012311e-07
4.2630003910e+00, 1.4333695818e-07, 1.1254444523e-07
4.2700003900e+00, 1.2313771542e-07, 1.0018997309e-07
4.2770003890e+00, 1.0612005103e-07, 8.9558771193e-08
4.2840003880e+00, 9.1792673317e-08, 8.0383811398e-08
4.2910003870e+00, 7.9718900851e-08, 7.2437596632e-08
4.2980003860e+00, 6.9522600837e-08, 6.5528524794e-08
4.3050003850e+00, 6.0886303265e-08, 5.9496360006e-08
4.3120003840e+00, 5.3545527549e-08, 5.4207605751e-08
4.3190003830e+00, 4.7281710864e-08, 4.9551196999e-08
4.3260003820e+00, 4.1915054145e-08, 4.5434695138e-08
4.3330003810e+00, 3.7297939026e-08, 4.1781034639e-08
4.3400003800e+00, 3.3309181148e-08, 3.8525798840e-08
4.3470003790e+00, 2.9849172247e-08, 3.5614969031e-08
4.3540003780e+00, 2.6835856401e-08, 3.3003079957e-08
4.3610003770e+00, 2.4201440224e-08, 3.0651715434e-08
4.3680003760e+00, 2.1889724630e-08, 2.8528284001e-08
4.3750003750e+00, 1.9853950616e-08, 2.6605022714e-08
4.3820003740e+00, 1.8055063719e-08, 2.4858185720e-08
4.3890003730e+00, 1.6460316217e-08, 2.3267381947e-08
4.3960003720e+00, 1.5042140272e-08, 2.1815033028e-08
4.4030003710e+00, 1.3777237761e-08, 2.0485928196e-08
4.4100003700e+00, 1.2645843240e-08, 1.9266857509e-08
4.4170003690e+00, 1.1631125298e-08, 1.8146308485e-08
4.4240003680e+00, 1.0718698685e-08, 1.7114214236e-08
4.4310003670e+00, 9.8962253076e-09, 1.6161743539e-08
4.4380003660e+00, 9.1530867101e-09, 1.5281125192e-08
4.4450003650e+00, 8.4801142416e-09, 1.4465500503e-08
4.4520003640e+00, 7.8693659180e-09, 1.3708798944e-08
4.4590003630e+00, 7.3139412239e-09, 1.3005632939e-08
4.4660003620e+00, 6.8078268458e-09, 1.2351208554e-08
4.4730003610e+00, 6.3457677134e-09, 1.1741249397e-08
4.4800003600e+00, 5.9231588257e-09, 1.1171931589e-08
4.4870003590e+00, 5.5359542026e-09, 1.0639827984e-08
4.4940003580e+00, 5.1805900023e-09, 1.0141860213e-08
4.5010003570e+00, 4.8539193914e-09, 9.6752572967e-09
4.5080003560e+00, 4.5531572018e-09, 9.2375198469e-09
4.5150003550e+00, 4.2758327630e-09, 8.8263890064e-09
4.5220003540e+00, 4.0197495844e-09, 8.4398194299e-09
4.5290003530e+00, 3.7829507981e-09, 8.0759557194e-09
4.5360003520e+00, 3.5636894564e-09, 7.7331118207e-09
4.5430003510e+00, 3.3604029357e-09, 7.4097529659e-09
4.5500003500e+00, 3.1716908233e-09, 7.1044798091e-09
4.5570003490e+00, 2.9962957654e-09, 6.8160144596e-09
4.5640003480e+00, 2.8330868393e-09, 6.5431881564e-09
4.5710003470e+00, 2.6810450858e-09, 6.2849303702e-09
4.5780003460e+00, 2.5392508904e-09, 6.0402591466e-09
4.5850003450e+00, 2.4068729546e-09, 5.8082725328e-09
4.5920003440e+00, 2.2831586365e-09, 5.5881409512e-09
4.5990003430e+00, 2.1674254719e-09, 5.3791004039e-09
4.6060003420e+00, 2.0590537191e-09, 5.1804464048e-09
4.6130003410e+00, 1.9574797891e-09, 4.9915285537e-09
4.6200003400e+00, 1.8621904461e-09, 4.8117456753e-09
4.6270003390e+00, 1.7727176791e-09, 4.6405414577e-09
4.6340003380e+00, 1.6886341573e-09, 4.4774005318e-09
4.6410003370e+00, 1.6095491981e-09, 4.3218449434e-09
4.6480003360e+00, 1.5351051821e-09, 4.1734309721e-09
4.6550003350e+00, 1.4649743607e-09, 4.0317462593e-09
4.6620003340e+00, 1.3988560103e-09, 3.8964072126e-09
4.6690003330e+00, 1.3364738888e-09, 3.7670566550e-09
4.6760003320e+00, 1.2775739618e-09, 3.6433616940e-09
4.6830003310e+00, 1.2219223647e-09, 3.5250117882e-09
4.6900003300e+00, 1.1693035746e-09, 3.4117169885e-09
4.6970003290e+00, 1.1195187687e-09, 3.3032063392e-09
4.7040003280e+00, 1.0723843464e-09, 3.1992264198e-09
4.7110003270e+00, 1.0277305990e-09, 3.0995400163e-09
4.7180003260e+00, 9.8540050920e-10, 3.0039249063e-09
4.7250003250e+00, 9.4524866767e-10, 2.9121727495e-09
4.7320003240e+00, 9.0714029269e-10, 2.8240880716e-09
4.7390003230e+00, 8.7095034313e-10, 2.7394873334e-09
4.7460003220e+00, 8.3656271447e-10, 2.6581980773e-09
4.7530003210e+00, 8.0386950916e-10, 2.5800581433e-09
4.7600003200e+00, 7.7277037405e-10, 2.5049149485e-09
4.7670003190e+00, 7.4317189768e-10, 2.4326248251e-09
4.7740003180e+00, 7.1498706177e-10, 2.3630524095e-09
4.7810003170e+00, 6.8813474131e-10, 2.2960700805e-09
4.7880003160e+00, 6.6253924856e-10, 2.2315574404e-09
4.7950003150e+00, 6.3812991665e-10, 2.1694008362e-09
4.8020003140e+00, 6.1484071906e-10, 2.1094929167e-09
4.8090003130e+00, 5.9260992138e-10, 2.0517322237e-09
4.8160003120e+00, 5.7137976257e-10, 1.9960228130e-09
4.8230003110e+00, 5.5109616265e-10, 1.9422739032e-09
4.8300003100e+00, 5.3170845467e-10, 1.8903995505e-09
4.8370003090e+00, 5.1316913857e-10, 1.8403183471e-09
4.8440003080e+00, 4.9543365492e-10, 1.7919531403e-09
4.8510003070e+00, 4.7846017695e-10, 1.7452307726e-09
4.8580003060e+00, 4.6220941894e-10, 1.7000818392e-09
4.8650003050e+00, 4.4664445990e-10, 1.6564404629e-09
4.8720003040e+00, 4.3173058081e-10, 1.6142440836e-09
4.8790003030e+00, 4.1743511458e-10, 1.5734332636e-09
4.8860003020e+00, 4.0372730745e-10, 1.5339515046e-09
4.8930003010e+00, 3.9057819090e-10, 1.4957450777e-09
4.9000003000e+00, 3.7796046322e-10, 1.4587628646e-09
4.9070002990e+00, 3.6584837991e-10, 1.4229562091e-09
4.9140002980e+00, 3.5421765215e-10, 1.3882787785e-09
4.9210002970e+00, 3.4304535277e-10, 1.3546864333e-09
4.9280002960e+00, 3.3230982896e-10, 1.3221371064e-09
4.9350002950e+00, 3.2199062135e-10, 1.2905906888e-09
4.9420002940e+00, 3.1206838885e-10, 1.2600089229e-09
4.9490002930e+00, 3.0252483875e-10, 1.2303553030e-09
4.9560002920e+00, 2.9334266181e-10, 1.2015949811e-09
4.9630002910e+00, 2.8450547182e-10, 1.1736946790e-09
4.9700002900e+00, 2.7599774938e-10, 1.1466226055e-09
4.9770002890e+00, 2.6780478946e-10, 1.1203483789e-09
4.9840002880e+00, 2.5991265258e-10, 1.0948429538e-09
4.9910002870e+00, 2.5230811926e-10, 1.0700785522e-09
4.9980002860e+00, 2.4497864757e-10, 1.0460285994e-09
5.0050002850e+00, 2.3791233336e-10, 1.0226676624e-09
5.0120002840e+00, 2.3109787329e-10, 9.9997139307e-10
5.0190002830e+00, 2.2452453011e-10, 9.7791647386e-10
5.0260002820e+00, 2.1818210032e-10, 9.5648056688e-10
5.0330002810e+00, 2.1206088382e-10, 9.3564226576e-10
5.0400002800e+00, 2.0615165554e-10, 9.1538105033e-10
5.0470002790e+00, 2.0044563887e-10, 8.9567724370e-10
5.0540002780e+00, 1.9493448075e-10, 8.7651197184e-10
5.0610002770e+00, 1.8961022830e-10, 8.5786712528e-10
5.0680002760e+00, 1.8446530695e-10, 8.3972532295e-10
5.0750002750e+00, 1.7949249984e-10, 8.2206987797e-10
5.0820002740e+00, 1.7468492855e-10, 8.0488476529e-10
5.0890002730e+00, 1.7003603499e-10, 7.8815459102e-10
5.0960002720e+00, 1.6553956430e-10, 7.7186456343e-10
5.1030002710e+00, 1.6118954887e-10, 7.5600046546e-10
5.1100002700e+00, 1.5698029328e-10, 7.4054862864e-10
5.1170002690e+00, 1.5290636011e-10, 7.2549590842e-10
5.1240002680e+00, 1.4896255658e-10, 7.1082966071e-10
5.1310002670e+00, 1.4514392199e-10, 6.9653771965e-10
5.1380002660e+00, 1.4144571587e-10, 6.8260837655e-10
5.1450002650e+00, 1.3786340682e-10, 6.6903035978e-10
5.1520002640e+00, 1.3439266198e-10, 6.5579281581e-10
5.1590002630e+00, 1.3102933708e-10, 6.4288529109e-10
5.1660002620e+00, 1.2776946709e-10, 6.3029771486e-10
5.1730002610e+00, 1.2460925735e-10, 6.1802038281e-10
5.1800002600e+00, 1.2154507521e-10, 6.0604394157e-10
5.1870002590e+00, 1.1857344216e-10, 5.9435937385e-10
5.1940002580e+00, 1.1569102632e-10, 5.8295798442e-10
5.2010002570e+00, 1.1289463543e-10, 5.7183138668e-10
5.2080002560e+00, 1.1018121012e-10, 5.6097148992e-10
5.2150002550e+00, 1.0754781763e-10, 5.5037048712e-10
5.2220002540e+00, 1.0499164584e-10, 5.4002084338e-10
5.2290002530e+00, 1.0250999755e-10, 5.2991528488e-10
5.2360002520e+00, 1.0010028517e-10, 5.2004678834e-10
5.2430002510e+00, 9.7760025622e-11, 5.1040857095e-10
5.2500002500e+00, 9.5486835517e-11, 5.0099408081e-10
5.2570002490e+00, 9.3278426586e-11, 4.9179698777e-10
5.2640002480e+00, 9.1132601352e-11, 4.8281117467e-10
5.2710002470e+00, 8.9047249017e-11, 4.7403072904e-10
5.2780002460e+00, 8.7020341562e-11, 4.6544993510e-10
5.2850002450e+00, 8.5049930040e-11, 4.5706326612e-10
5.2920002440e+00, 8.3134141060e-11, 4.4886537722e-10
5.2990002430e+00, 8.1271173444e-11, 4.4085109834e-10
5.3060002420e+00, 7.9459295051e-11, 4.3301542760e-10
5.3130002410e+00, 7.7696839758e-11, 4.2535352498e-10
5.3200002400e+00, 7.5982204588e-11, 4.1786070615e-10
5.3270002390e+00, 7.4313846984e-11, 4.1053243673e-10
5.3340002380e+00, 7.2690282204e-11, 4.0336432666e-10
5.3410002370e+00, 7.1110080858e-11, 3.9635212486e-10
5.3480002360e+00, 6.9571866546e-11, 3.8949171413e-10
5.3550002350e+00, 6.8074313622e-11, 3.8277910624e-10
5.3620002340e+00, 6.6616145057e-11, 3.7621043726e-10
5.3690002330e+00, 6.5196130409e-11, 3.6978196300e-10
5.3760002320e+00, 6.3813083880e-11, 3.6349005477e-10
5.3830002310e+00, 6.2465862473e-11, 3.5733119519e-10
5.3900002300e+00, 6.1153364227e-11, 3.5130197423e-10
5.3970002290e+00, 5.9874526539e-11, 3.4539908544e-10
5.4040002280e+00, 5.8628324562e-11, 3.3961932224e-10
5.4110002270e+00, 5.7413769671e-11, 3.3395957448e-10
5.4180002260e+00, 5.6229908009e-11, 3.2841682500e-10
5.4250002250e+00, 5.5075819090e-11, 3.2298814649e-10
5.4320002240e+00, 5.3950614467e-11, 3.1767069830e-10
5.4390002230e+00, 5.2853436463e-11, 3.1246172351e-10
5.4460002220e+00, 5.1783456957e-11, 3.0735854605e-10
5.4530002210e+00, 5.0739876219e-11, 3.0235856797e-10
5.4600002200e+00, 4.9721921803e-11, 2.9745926676e-10
5.4670002190e+00, 4.8728847489e-11, 2.9265819284e-10
5.4740002180e+00, 4.7759932263e-11, 2.8795296708e-10
5.4810002170e+00, 4.6814479348e-11, 2.8334127850e-10
5.4880002160e+00, 4.5891815279e-11, 2.7882088194e-10
5.4950002150e+00, 4.4991289011e-11, 2.7438959596e-10
5.5020002140e+00, 4.4112271068e-11, 2.7004530068e-10
5.5090002130e+00, 4.3254152733e-11, 2.6578593580e-10
5.5160002120e+00, 4.2416345261e-11, 2.6160949866e-10
5.5230002110e+00, 4.1598279141e-11, 2.5751404234e-10
5.5300002100e+00, 4.0799403373e-11, 2.5349767392e-10
5.5370002090e+00, 4.0019184786e-11, 2.4955855267e-10
5.5440002080e+00, 3.9257107379e-11, 2.4569488845e-10
5.5510002070e+00, 3.8512671695e-11, 2.4190494005e-10
5.5580002060e+00, 3.7785394212e-11, 2.3818701369e-10
5.5650002050e+00, 3.7074806767e-11, 2.3453946147e-10
5.5720002040e+00, 3.6380455999e-11, 2.3096067998e-10
5.5790002030e+00, 3.5701902816e-11, 2.2744910885e-10
5.5860002020e+00, 3.5038721885e-11, 2.2400322949e-10
5.5930002010e+00, 3.4390501141e-11, 2.2062156373e-10
5.6000002000e+00, 3.3756841313e-11, 2.1730267260e-10
5.6070001990e+00, 3.3137355473e-11, 2.1404515513e-10
5.6140001980e+00, 3.2531668606e-11, 2.1084764719e-10
5.6210001970e+00, 3.1939417183e-11, 2.0770882036e-10
5.6280001960e+00, 3.1360248771e-11, 2.0462738083e-10
5.6350001950e+00, 3.0793821640e-11, 2.0160206841e-10
5.6420001940e+00, 3.0239804395e-11, 1.9863165548e-10
5.6490001930e+00, 2.9697875623e-11, 1.9571494601e-10
5.6560001920e+00, 2.9167723546e-11, 1.9285077465e-10
5.6630001910e+00, 2.8649045696e-11, 1.9003800580e-10
5.6700001900e+00, 2.8141548597e-11, 1.8727553273e-10
5.6770001890e+00, 2.7644947462e-11, 1.8456227676e-10
5.6840001880e+00, 2.7158965898e-11, 1.8189718640e-10
5.6910001870e+00, 2.6683335626e-11, 1.7927923657e-10
5.6980001860e+00, 2.6217796212e-11, 1.7670742784e-10
5.7050001850e+00, 2.5762094801e-11, 1.7418078571e-10
5.7120001840e+00, 2.5315985870e-11, 1.7169835984e-10
5.7190001830e+00, 2.4879230985e-11, 1.6925922341e-10
5.7260001820e+00, 2.4451598568e-11, 1.6686247239e-10
5.7330001810e+00, 2.4032863673e-11, 1.6450722497e-10
5.7400001800e+00, 2.3622807770e-11, 1.6219262085e-10
5.7470001790e+00, 2.3221218536e-11, 1.5991782070e-10
5.7540001780e+00, 2.2827889656e-11, 1.5768200552e-10
5.7610001770e+00, 2.2442620627e-11, 1.5548437610e-10
5.7680001760e+00, 2.2065216576e-11, 1.5332415245e-10
5.7750001750e+00, 2.1695488076e-11, 1.5120057330e-10
5.7820001740e+00, 2.1333250976e-11, 1.4911289554e-10
5.7890001730e+00, 2.0978326231e-11, 1.4706039374e-10
5.7960001720e+00, 2.0630539744e-11, 1.4504235966e-10
5.8030001710e+00, 2.0289722209e-11, 1.4305810181e-10
5.8100001700e+00, 1.9955708960e-11, 1.4110694492e-10
5.8170001690e+00, 1.9628339830e-11, 1.3918822960e-10
5.8240001680e+00, 1.9307459007e-11, 1.3730131182e-10
5.8310001670e+00, 1.8992914902e-11, 1.3544556254e-10
5.8380001660e+00, 1.8684560019e-11, 1.3362036731e-10
5.8450001650e+00, 1.8382250826e-11, 1.3182512588e-10
5.8520001640e+00, 1.8085847639e-11, 1.3005925180e-10
5.8590001630e+00, 1.7795214502e-11, 1.2832217208e-10
5.8660001620e+00, 1.7510219074e-11, 1.2661332680e-10
5.8730001610e+00, 1.7230732519e-11, 1.2493216882e-10
5.8800001600e+00, 1.6956629403e-11, 1.2327816340e-10
5.8870001590e+00, 1.6687787589e-11, 1.2165078787e-10
5.8940001580e+00, 1.6424088141e-11, 1.2004953137e-10
5.9010001570e+00, 1.6165415227e-11, 1.1847389448e-10
5.9080001560e+00, 1.5911656028e-11, 1.1692338897e-10
5.9150001550e+00, 1.5662700647e-11, 1.1539753749e-10
5.9220001540e+00, 1.5418442028e-11, 1.1389587329e-10
5.9290001530e+00, 1.5178775865e-11, 1.1241793996e-10
5.9360001520e+00, 1.4943600529e-11, 1.1096329116e-10
5.9430001510e+00, 1.4712816985e-11, 1.0953149036e-10
5.9500001500e+00, 1.4486328720e-11, 1.0812211060e-10
5.9570001490e+00, 1.4264041667e-11, 1.0673473426e-10
5.9640001480e+00, 1.4045864138e-11, 1.0536895278e-10
5.9710001470e+00, 1.3831706753e-11, 1.0402436648e-10
5.9780001460e+00, 1.3621482376e-11, 1.0270058434e-10
5.9850001450e+00, 1.3415106048e-11, 1.0139722374e-10
5.9920001440e+00, 1.3212494929e-11, 1.0011391028e-10
5.9990001430e+00, 1.3013568236e-11, 9.8850277598e-11
6.0060001420e+00, 1.2818247184e-11, 9.7605967130e-11
6.0130001410e+00, 1.2626454934e-11, 9.6380627945e-11
6.0200001400e+00, 1.2438116532e-11, 9.5173916552e-11
6.0270001390e+00, 1.2253158863e-11, 9.3985496717e-11
6.0340001380e+00, 1.2071510595e-11, 9.2815039289e-11
6.0410001370e+00, 1.1893102133e-11, 9.1662222029e-11
6.0480001360e+00, 1.1717865567e-11, 9.0526729441e-11
6.0550001350e+00, 1.1545734632e-11, 8.9408252610e-11
6.0620001340e+00, 1.1376644655e-11, 8.8306489048e-11
6.0690001330e+00, 1.1210532518e-11, 8.7221142535e-11
6.0760001320e+00, 1.1047336614e-11, 8.6151922974e-11
6.0830001310e+00, 1.0886996802e-11, 8.5098546244e-11
6.0900001300e+00, 1.0729454372e-11, 8.4060734058e-11
6.0970001290e+00, 1.0574652007e-11, 8.3038213827e-11
6.1040001280e+00, 1.0422533739e-11, 8.2030718525e-11
6.1110001270e+00, 1.0273044922e-11, 8.1037986559e-11
6.1180001260e+00, 1.0126132188e-11, 8.0059761643e-11
6.1250001250e+00, 9.9817434197e-12, 7.9095792671e-11
6.1320001240e+00, 9.8398277132e-12, 7.8145833602e-11
6.1390001230e+00, 9.7003353478e-12, 7.7209643339e-11
6.1460001220e+00, 9.5632177542e-12, 7.6286985616e-11
6.1530001210e+00, 9.4284274845e-12, 7.5377628888e-11
6.1600001200e+00, 9.2959181826e-12, 7.4481346221e-11
6.1670001190e+00, 9.1656445559e-12, 7.3597915188e-11
6.1740001180e+00, 9.0375623475e-12, 7.2727117765e-11
6.1810001170e+00, 8.9116283094e-12, 7.1868740233e-11
6.1880001160e+00, 8.7878001765e-12, 7.1022573080e-11
6.1950001150e+00, 8.6660366411e-12, 7.0188410903e-11
6.2020001140e+00, 8.5462973285e-12, 6.9366052321e-11
6.2090001130e+00, 8.4285427728e-12, 6.8555299881e-11
6.2160001120e+00, 8.3127343942e-12, 6.7755959969e-11
6.2230001110e+00, 8.1988344759e-12, 6.6967842730e-11
6.2300001100e+00, 8.0868061426e-12, 6.6190761977e-11
6.2370001090e+00, 7.9766133391e-12, 6.5424535118e-11
6.2440001080e+00, 7.8682208095e-12, 6.4668983068e-11
6.2510001070e+00, 7.7615940774e-12, 6.3923930179e-11
6.2580001060e+00, 7.6566994260e-12, 6.3189204159e-11
6.2650001050e+00, 7.5535038795e-12, 6.2464636003e-11
6.2720001040e+00, 7.4519751844e-12, 6.1750059917e-11
6.2790001030e+00, 7.3520817916e-12, 6.1045313253e-11
6.2860001020e+00, 7.2537928390e-12, 6.0350236436e-11
6.2930001010e+00, 7.1570781347e-12, 5.9664672899e-11
6.3000001000e+00, 7.0619081402e-12, 5.8988469020e-11
6.3070000990e+00, 6.9682539546e-12, 5.8321474057e-11
6.3140000980e+00, 6.8760872990e-12, 5.7663540084e-11
6.3210000970e+00, 6.7853805011e-12, 5.7014521936e-11
6.3280000960e+00, 6.6961064808e-12, 5.6374277146e-11
6.3350000950e+00, 6.6082387356e-12, 5.5742665888e-11
6.3420000940e+00, 6.5217513269e-12, 5.5119550922e-11
6.3490000930e+00, 6.4366188659e-12, 5.4504797541e-11
6.3560000920e+00, 6.3528165010e-12, 5.3898273513e-11
6.3630000910e+00, 6.2703199046e-12, 5.3299849031e-11
6.3700000900e+00, 6.1891052607e-12, 5.2709396666e-11
6.3770000890e+00, 6.1091492523e-12, 5.2126791311e-11
6.3840000880e+00, 6.0304290505e-12, 5.1551910136e-11
6.3910000870e+00, 5.9529223018e-12, 5.0984632540e-11
6.3980000860e+00, 5.8766071178e-12, 5.0424840105e-11
6.4050000850e+00, 5.8014620637e-12, 4.9872416552e-11
6.4120000840e+00, 5.7274661479e-12, 4.9327247693e-11
6.4190000830e+00, 5.6545988115e-12, 4.8789221391e-11
6.4260000820e+00, 5.5828399183e-12, 4.8258227518e-11
6.4330000810e+00, 5.5121697449e-12, 4.7734157915e-11
6.4400000800e+00, 5.4425689712e-12, 4.7216906345e-11
6.4470000790e+00, 5.3740186708e-12, 4.6706368465e-11
6.4540000780e+00, 5.3065003024e-12, 4.6202441777e-11
6.4610000770e+00, 5.2399957005e-12, 4.5705025596e-11
6.4680000760e+00, 5.1744870668e-12, 4.5214021015e-11
6.4750000750e+00, 5.1099569621e-12, 4.4729330863e-11
6.4820000740e+00, 5.0463882980e-12, 4.4250859676e-11
6.4890000730e+00, 4.9837643287e-12, 4.3778513660e-11
6.4960000720e+00, 4.9220686433e-12, 4.3312200659e-11
6.5030000710e+00, 4.8612851584e-12, 4.2851830120e-11
6.5100000700e+00, 4.8013981106e-12, 4.2397313065e-11
6.5170000690e+00, 4.7423920491e-12, 4.1948562055e-11
6.5240000680e+00, 4.6842518292e-12, 4.1505491163e-11
6.5310000670e+00, 4.6269626049e-12, 4.1068015944e-11
6.5380000660e+00, 4.5705098224e-12, 4.0636053404e-11
6.5450000650e+00, 4.5148792136e-12, 4.0209521973e-11
6.5520000640e+00, 4.4600567901e-12, 3.9788341477e-11
6.5590000630e+00, 4.4060288363e-12, 3.9372433110e-11
6.5660000620e+00, 4.3527819040e-12, 3.8961719409e-11
6.5730000610e+00, 4.3003028062e-12, 3.8556124225e-11
6.5800000600e+00, 4.2485786115e-12, 3.8155572699e-11
6.5870000590e+00, 4.1975966384e-12, 3.7759991241e-11
6.5940000580e+00, 4.1473444497e-12, 3.7369307497e-11
6.6010000570e+00, 4.0978098476e-12, 3.6983450333e-11
6.6080000560e+00, 4.0489808680e-12, 3.6602349809e-11
6.6150000550e+00, 4.0008457759e-12, 3.6225937154e-11
6.6220000540e+00, 3.9533930600e-12, 3.5854144747e-11
6.6290000530e+00, 3.9066114283e-12, 3.5486906093e-11
6.6360000520e+00, 3.8604898029e-12, 3.5124155803e-11
6.6430000510e+00, 3.8150173158e-12, 3.4765829571e-11
6.6500000500e+00, 3.7701833044e-12, 3.4411864157e-11
6.6570000490e+00, 3.7259773067e-12, 3.4062197362e-11
6.6640000480e+00, 3.6823890577e-12, 3.3716768013e-11
6.6710000470e+00, 3.6394084843e-12, 3.3375515942e-11
6.6780000460e+00, 3.5970257023e-12, 3.3038381966e-11
6.6850000450e+00, 3.5552310115e-12, 3.2705307870e-11
6.6920000440e+00, 3.5140148924e-12, 3.2376236390e-11
6.6990000430e+00, 3.4733680021e-12, 3.2051111193e-11
6.7060000420e+00, 3.4332811706e-12, 3.1729876861e-11
6.7130000410e+00, 3.3937453974e-12, 3.1412478872e-11
6.7200000400e+00, 3.3547518479e-12, 3.1098863589e-11
6.7270000390e+00, 3.3162918495e-12, 3.0788978236e-11
6.7340000380e+00, 3.2783568890e-12, 3.0482770890e-11
6.7410000370e+00, 3.2409386088e-12, 3.0180190459e-11
6.7480000360e+00, 3.2040288036e-12, 2.9881186670e-11
6.7550000350e+00, 3.1676194177e-12, 2.9585710053e-11
6.7620000340e+00, 3.1317025416e-12, 2.9293711929e-11
6.7690000330e+00, 3.0962704089e-12, 2.9005144391e-11
6.7760000320e+00, 3.0613153937e-12, 2.8719960293e-11
6.7830000310e+00, 3.0268300077e-12, 2.8438113237e-11
6.7900000300e+00, 2.9928068969e-12, 2.8159557558e-11
6.7970000290e+00, 2.9592388397e-12, 2.7884248309e-11
6.8040000280e+00, 2.9261187433e-12, 2.7612141253e-11
6.8110000270e+00, 2.8934396419e-12, 2.7343192846e-11
6.8180000260e+00, 2.8611946936e-12, 2.7077360226e-11
6.8250000250e+00, 2.8293771782e-12, 2.6814601203e-11
6.8320000240e+00, 2.7979804946e-12, 2.6554874242e-11
6.8390000230e+00, 2.7669981586e-12, 2.6298138456e-11
6.8460000220e+00, 2.7364238002e-12, 2.6044353594e-11
6.8530000210e+00, 2.7062511618e-12, 2.5793480026e-11
6.8600000200e+00, 2.6764740955e-12, 2.5545478738e-11
6.8670000190e+00, 2.6470865613e-12, 2.5300311315e-11
6.8740000180e+00, 2.6180826248e-12, 2.5057939935e-11
6.8810000170e+00, 2.5894564551e-12, 2.4818327357e-11
6.8880000160e+00, 2.5612023227e-12, 2.4581436911e-11
6.8950000150e+00, 2.5333145979e-12, 2.4347232488e-11
6.9020000140e+00, 2.5057877481e-12, 2.4115678528e-11
6.9090000130e+00, 2.4786163366e-12, 2.3886740017e-11
6.9160000120e+00, 2.4517950206e-12, 2.3660382469e-11
6.9230000110e+00, 2.4253185488e-12, 2.3436571925e-11
6.9300000100e+00, 2.3991817606e-12, 2.3215274935e-11
6.9370000090e+00, 2.3733795834e-12, 2.2996458560e-11
6.9440000080e+00, 2.3479070314e-12, 2.2780090354e-11
6.9510000070e+00, 2.3227592039e-12, 2.2566138359e-11
6.9580000060e+00, 2.2979312836e-12, 2.2354571098e-11
6.9650000050e+00, 2.2734185350e-12, 2.2145357565e-11
6.9720000040e+00, 2.2492163025e-12, 2.1938467218e-11
6.9790000030e+00, 2.2253200098e-12, 2.1733869971e-11
6.9860000020e+00, 2.2017251571e-12, 2.1531536184e-11
6.9930000010e+00, 2.1784273209e-12, 2.1331436658e-11
7.0000000000e+00, 2.1554221516e-12, 2.1133542630e-11
